1668368147
1911886423
7029905356
2344898852
2718963661
2034403112
1043235971
2772867557
6279678134
5869826499
2366532154
2247164142
1893410897
2397991440
6037710233
2160160857
6152576398
6524677497
2740317235
3768854581
2414490394
6796993911
1798716414
3972488587
5466592990
1948641401
3213060995
1674427277
2648157505
5498841630
1896720391
1945805232
2490643664
6070149577
1218957517
1557392913
2885273312
7012741983
2550491047
1305807567
1888396881
1498255735
1903188000
6333942182
2055410091
1744520107
1798050592
1619766521
1164589025
1301890202
2045571310
3083673764
1478282890
1786785744
2840252665
1748067122
1150085822
2740104997
1719139713
2731146817
1226255247
6061149246
2742964807
1768644874
5973621471
5278427062
1647219501
1246142517
1646343160
6861376748
5650784222
3858417112
5216011723
6109985982
3858377102
1199769167
3307175952
5068589498
1645752321
1573021601
2378001873
2904869231
6019888906
1541940220
2663205945
3541753291
3858369338
2611540011
3859360616
2736458415
1683875293
2723647201
1606263255
1312790773
6171687597
2814948734
3859398141
1840430023
1534936623
6081870046
1619766521
6171687597
6524677497
1846302384
1798716414
5869826499
1819045847
3193441137
1881285134
6530748281
1492351337
1912224195
3922723320
6445231956
2607880295
7012741983
1057033857
1403742220
2080259373
5872605952
5973621471
1786785744
1880235745
6129051291
6090883695
2481078607
6364066642
1822110117
2342776625
5526303655
1700570075
2968772011
7136706587
7130150322
1564368430
1498255735
2840252665
2922893803
2921244052
2155138921
2840204735
2921244020
2154212385
2904869231
3082732012
5798129964
5774147962
5773745644
1810662327
2817166554
1292666913
1773535841
1652373665
2314811640
6858679534
1650500853
1831738715
1642330862
1735283930
1870865753
1815184683
1934260987
1901982235
1762923331
6551454836
1606301671
1865490957
1646047201
1783537227
1511705710
3095361965
3284785173
1655765015
3192670580
1317718945
1768644874
1305807567
5650784222
1378238800
1992817915
6445243175
5461226660
6305471427
6254767000
1758045637
1693584770
2213996494
5897679194
1858620435
1034669732
5311253424
5774407048
5547510346
6664988130
5327314079
2547958080
7340204950
7340201528
7339992793
7339938228
7339939279
7340153100
7339941199
7340154685
7339438957
7339439638
7339440498
7339440940
7339441299
7340829335
7340830171
7341105009
7340833168
7341107727
